<?xml version="1.0"?>
<opencv_storage>
<param type_id="opencv-matrix">
  <rows>7</rows>
  <cols>1</cols>
  <dt>f</dt>
  <data>
    3.00145540e-02 -2.52802502e-02 1.41578007e+00 1.09442258e+00
    -2.00317070e-01 -8.30191374e-02 9.72381771e-01</data></param>
</opencv_storage>
