<?xml version="1.0"?>
<opencv_storage>
<param type_id="opencv-matrix">
  <rows>22</rows>
  <cols>1</cols>
  <dt>f</dt>
  <data>
    3.38851953e+00 1.62864372e-01 8.26748013e-01 1.12537919e-02
    2.96029425e-03 -1.45331502e+00 4.11419779e-01 -3.01527619e+00
    3.96336824e-01 2.11417362e-01 2.21727371e+00 6.29946530e-01
    -5.63191772e-01 3.42025131e-01 2.38973856e+00 1.12053621e+00
    -1.97921312e+00 -1.23080686e-01 3.11242074e-01 4.22702074e-01
    -1.45681679e+00 -8.65596771e-01</data></param>
</opencv_storage>
